Starting: 2 []
6, 2, 64, [2, 4, 8, 16, 32, 64], set()
6, 4, 64, [4, 2, 8, 16, 32, 64], set()
6, 8, 64, [8, 2, 4, 16, 32, 64], set()
6, 16, 64, [16, 2, 4, 8, 32, 64], set()
6, 32, 64, [32, 2, 4, 8, 16, 64], set()
6, 64, 32, [64, 2, 4, 8, 16, 32], set()
Starting: 3 []
13, 3, 96, [3, 6, 12, 36, 9, 81, 27, 54, 18, 72, 24, 48, 96], set()
13, 6, 81, [6, 3, 9, 36, 12, 48, 96, 24, 72, 18, 54, 27, 81], set()
13, 9, 81, [9, 3, 6, 12, 48, 96, 24, 72, 36, 18, 54, 27, 81], set()
13, 12, 96, [12, 3, 6, 18, 54, 27, 81, 9, 36, 72, 24, 48, 96], set()
13, 18, 81, [18, 3, 6, 12, 48, 96, 24, 72, 36, 9, 54, 27, 81], set()
13, 24, 96, [24, 3, 6, 18, 54, 27, 81, 9, 36, 72, 12, 48, 96], set()
13, 27, 81, [27, 3, 6, 12, 48, 96, 24, 72, 36, 18, 54, 9, 81], set()
13, 36, 81, [36, 3, 6, 12, 48, 96, 24, 72, 9, 18, 54, 27, 81], set()
13, 48, 96, [48, 3, 6, 12, 36, 9, 81, 27, 54, 18, 72, 24, 96], set()
13, 54, 81, [54, 3, 6, 12, 48, 96, 24, 72, 18, 36, 9, 27, 81], set()
13, 72, 96, [72, 3, 6, 18, 54, 27, 81, 9, 36, 12, 24, 48, 96], set()
13, 81, 96, [81, 3, 6, 12, 36, 9, 27, 54, 18, 72, 24, 48, 96], set()
13, 96, 48, [96, 3, 6, 12, 36, 9, 81, 27, 54, 18, 72, 24, 48], set()
Starting: 5 []
14, 5, 100, [5, 10, 40, 80, 20, 60, 30, 90, 45, 15, 75, 25, 50, 100], set()
14, 10, 100, [10, 5, 40, 80, 20, 60, 30, 90, 45, 15, 75, 25, 50, 100], set()
14, 15, 75, [15, 5, 45, 90, 30, 60, 10, 40, 80, 20, 100, 50, 25, 75], set()
14, 20, 60, [20, 5, 40, 80, 10, 50, 100, 25, 75, 15, 45, 90, 30, 60], set()
14, 25, 75, [25, 5, 40, 80, 10, 50, 100, 20, 60, 30, 90, 45, 15, 75], set()
14, 30, 90, [30, 5, 40, 80, 10, 60, 20, 100, 50, 25, 75, 15, 45, 90], set()
14, 40, 80, [40, 5, 10, 50, 100, 25, 75, 15, 45, 90, 30, 60, 20, 80], set()
14, 45, 100, [45, 5, 10, 40, 80, 20, 60, 30, 90, 15, 75, 25, 50, 100], set()
14, 50, 100, [50, 5, 10, 40, 80, 20, 60, 30, 90, 45, 15, 75, 25, 100], set()
14, 60, 80, [60, 5, 10, 30, 90, 45, 15, 75, 25, 50, 100, 20, 40, 80], set()
14, 75, 50, [75, 5, 15, 45, 90, 30, 60, 10, 40, 80, 20, 100, 25, 50], set()
14, 80, 100, [80, 5, 10, 40, 20, 60, 30, 90, 45, 15, 75, 25, 50, 100], set()
14, 90, 45, [90, 5, 30, 60, 10, 40, 80, 20, 100, 50, 25, 75, 15, 45], set()
14, 100, 50, [100, 5, 10, 40, 80, 20, 60, 30, 90, 45, 15, 75, 25, 50], set()
Starting: 7 []
10, 7, 63, [7, 35, 70, 14, 56, 28, 84, 42, 21, 63], {49, 98}
10, 14, 70, [14, 56, 28, 84, 42, 21, 63, 7, 35, 70], {49, 98}
11, 21, 49, [21, 42, 84, 28, 56, 7, 35, 70, 14, 98, 49], {63}
11, 28, 49, [28, 84, 42, 21, 63, 7, 35, 70, 14, 98, 49], {56}
12, 35, 63, [35, 70, 7, 49, 98, 14, 56, 28, 84, 42, 21, 63], set()
12, 49, 63, [49, 98, 7, 35, 70, 14, 56, 28, 84, 42, 21, 63], set()
12, 56, 49, [56, 28, 84, 42, 21, 63, 7, 35, 70, 14, 98, 49], set()
12, 63, 49, [63, 21, 42, 84, 28, 56, 7, 35, 70, 14, 98, 49], set()
12, 70, 63, [70, 35, 7, 49, 98, 14, 56, 28, 84, 42, 21, 63], set()
12, 98, 63, [98, 49, 7, 35, 70, 14, 56, 28, 84, 42, 21, 63], set()
Starting: 11 []
7, 11, 99, [11, 44, 88, 22, 66, 33, 99], {77, 55}
7, 22, 99, [22, 44, 88, 11, 66, 33, 99], {77, 55}
7, 33, 55, [33, 66, 22, 44, 88, 11, 55], {99, 77}
8, 44, 55, [44, 88, 22, 66, 33, 99, 11, 55], {77}
8, 55, 99, [55, 11, 44, 88, 22, 66, 33, 99], {77}
8, 77, 99, [77, 11, 44, 88, 22, 66, 33, 99], {55}
8, 88, 55, [88, 44, 22, 66, 33, 99, 11, 55], {77}
8, 99, 55, [99, 33, 66, 22, 44, 88, 11, 55], {77}
Starting: 13 []
5, 13, 52, [13, 39, 78, 26, 52], {65, 91}
5, 26, 78, [26, 52, 13, 39, 78], {65, 91}
6, 39, 65, [39, 78, 26, 52, 13, 65], {91}
6, 52, 65, [52, 26, 78, 39, 13, 65], {91}
6, 65, 52, [65, 13, 39, 78, 26, 52], {91}
6, 91, 52, [91, 13, 39, 78, 26, 52], {65}
Starting: 17 []
3, 17, 68, [17, 34, 68], {51, 85}
4, 34, 51, [34, 68, 17, 51], {85}
4, 51, 68, [51, 17, 34, 68], {85}
4, 68, 51, [68, 34, 17, 51], {85}
4, 85, 68, [85, 17, 34, 68], {51}
Starting: 19 []
3, 19, 76, [19, 38, 76], {57, 95}
4, 38, 57, [38, 76, 19, 57], {95}
4, 57, 76, [57, 19, 38, 76], {95}
4, 76, 57, [76, 38, 19, 57], {95}
4, 95, 76, [95, 19, 38, 76], {57}
Starting: 23 []
3, 23, 92, [23, 46, 92], {69}
4, 46, 69, [46, 92, 23, 69], set()
4, 69, 92, [69, 23, 46, 92], set()
4, 92, 69, [92, 46, 23, 69], set()
Starting: 29 []
2, 29, 58, [29, 58], {87}
3, 58, 87, [58, 29, 87], set()
3, 87, 58, [87, 29, 58], set()
Starting: 31 []
2, 31, 62, [31, 62], {93}
3, 62, 93, [62, 31, 93], set()
3, 93, 62, [93, 31, 62], set()
Starting: 37 []
2, 37, 74, [37, 74], set()
2, 74, 37, [74, 37], set()
Starting: 41 []
2, 41, 82, [41, 82], set()
2, 82, 41, [82, 41], set()
Starting: 43 []
2, 43, 86, [43, 86], set()
2, 86, 43, [86, 43], set()
Starting: 47 []
2, 47, 94, [47, 94], set()
2, 94, 47, [94, 47], set()
Starting: 53 []
1, 53, 53, [53], set()
Starting: 59 []
1, 59, 59, [59], set()
Starting: 61 []
1, 61, 61, [61], set()
Starting: 67 []
1, 67, 67, [67], set()
Starting: 71 []
1, 71, 71, [71], set()
Starting: 73 []
1, 73, 73, [73], set()
Starting: 79 []
1, 79, 79, [79], set()
Starting: 83 []
1, 83, 83, [83], set()
Starting: 89 []
1, 89, 89, [89], set()
Starting: 97 []
1, 97, 97, [97], set()
